[pop]
popSize = 9483
fecundity.female = [0.0, 0.0, 0.0, 0.156, 0.352, 0.536, 0.686, 0.796, 0.872, 0.921, 0.953, 0.96, 0.97, 0.98, 0.99, 0.99, 0.99, 0.99, 0.99, 0.99]
Nb = None
N0 = 6089
lambda = 1.0
startLambda = 42
forceSkip = 0.0
male.probability = 0.5
NbVar = 0.05
litter = None
survival.male = [0.44, 0.21, 0.21, 0.15, 0.45, 0.5, 0.55, 0.45, 0.53, 0.6, 0.65, 0.7, 0.75, 0.8, 0.85, 0.9, 0.85, 0.7, 0.6]
ages = 21
doNegBinom = False
isMonog = False
fecundity.male = [0.0, 0.0, 0.0, 0.156, 0.352, 0.536, 0.686, 0.796, 0.872, 0.921, 0.953, 0.96, 0.97, 0.98, 0.99, 0.99, 0.99, 0.99, 0.99, 0.99]
survival.female = [0.44, 0.21, 0.21, 0.15, 0.45, 0.5, 0.55, 0.45, 0.53, 0.6, 0.65, 0.7, 0.75, 0.8, 0.85, 0.9, 0.85, 0.7, 0.6]
skip = None

[genome]
mutFreq = 0.0
numMSats = 0
startAlleles = 10
numSNPs = 100

[sim]
het_filter = 0.00,1.00,99999
do_het_filter = False
het_init_msat = 0.8
het_init_snp = 0.5
nbadjustment = ['2-2:0.0']
reps = 1
cull_method = equal_sex_ratio
startSave = 1
dataDir = ""
gens = 100

[model]
name = bull_long_vp

[effective_size]
Nb = 100
NbNc = 0.01054519
NbNe = 0.777605

