[pop]
startLambda = 64
ages = 32
fecundity.male = [0.0, 0.0, 0.0, 0.0, 0.0, 0.0, 0.0, 0.0, 0.0, 0.0, 0.0, 0.0, 0.0, 0.0, 0.0, 0.0, 0.0, 0.0, 0.0, 0.2, 0.2, 0.2, 0.2, 0.171, 0.171, 0.171, 0.171, 0.146, 0.146, 0.146, 0.146]
male.probability = 0.5
N0 = 429
survival.female = [0.85, 0.85, 0.85, 0.85, 0.85, 0.85, 0.85, 0.85, 0.85, 0.85, 0.85, 0.85, 0.85, 0.85, 0.85, 0.85, 0.85, 0.85, 0.85, 0.9, 0.9, 0.9, 0.9, 0.62, 0.62, 0.62, 0.62, 0.37, 0.37, 0.37]
fecundity.female = [0.0, 0.0, 0.0, 0.0, 0.0, 0.0, 0.0, 0.0, 0.0, 0.0, 0.0, 0.0, 0.0, 0.0, 0.0, 0.0, 0.0, 0.0, 0.0, 0.2, 0.2, 0.2, 0.2, 0.171, 0.171, 0.171, 0.171, 0.146, 0.146, 0.146, 0.146]
forceSkip = 0.0
skip = None
survival.male = [0.85, 0.85, 0.85, 0.85, 0.85, 0.85, 0.85, 0.85, 0.85, 0.85, 0.85, 0.85, 0.85, 0.85, 0.85, 0.85, 0.85, 0.85, 0.85, 0.9, 0.9, 0.9, 0.9, 0.62, 0.62, 0.62, 0.62, 0.37, 0.37, 0.37]
lambda = 1.0
isMonog = False
popSize = 2829
Nb = None
NbVar = 0.05
doNegBinom = False
litter = None

[model]
name = mosquito Chubachi 1979 vp

[sim]
het_filter = 0.00,1.00,99999
do_het_filter = False
reps = 1
nbadjustment = ['2-2:0.0']
het_init_msat = 0.8
startSave = 0
gens = 100
cull_method = equal_sex_ratio
dataDir = ""
het_init_snp = 0.5

[genome]
numMSats = 0
startAlleles = 10
numSNPs = 100
mutFreq = 0.0

[effective_size]
NbNe = 0.272926
NbNc = 0.0353482
Nb = 100

