[sim]
nbadjustment = ['2-2:0.0']
dataDir = ""
reps = 1
het_init_snp = 0.5
startSave = 0
het_init_msat = 0.8
cull_method = equal_sex_ratio
do_het_filter = False
gens = 100
het_filter = 0.00,1.00,99999

[pop]
litter = None
N0 = 53
male.probability = 0.5
fecundity.female = [0.0, 0.05, 0.17, 0.34, 0.51, 0.64, 0.75, 0.83, 0.89, 0.94, 0.97, 0.99, 1.01, 1.02, 1.03, 1.04, 1.04, 1.04, 1.04, 1.05, 1.05, 1.05]
survival.female = [0.63, 0.674, 0.708, 0.734, 0.756, 0.773, 0.787, 0.798, 0.805, 0.811, 0.815, 0.818, 0.82, 0.822, 0.823, 0.823, 0.824, 0.824, 0.825, 0.825, 0.825]
startLambda = 46
isMonog = False
skip = None
fecundity.male = [0.0, 0.05, 0.17, 0.34, 0.51, 0.64, 0.75, 0.83, 0.89, 0.94, 0.97, 0.99, 1.01, 1.02, 1.03, 1.04, 1.04, 1.04, 1.04, 1.05, 1.05, 1.05]
popSize = 179
Nb = None
ages = 23
doNegBinom = False
forceSkip = 0.0
lambda = 1.0
NbVar = 0.05
survival.male = [0.63, 0.674, 0.708, 0.734, 0.756, 0.773, 0.787, 0.798, 0.805, 0.811, 0.815, 0.818, 0.82, 0.822, 0.823, 0.823, 0.824, 0.824, 0.825, 0.825, 0.825]

[effective_size]
NbNe = 1.62987
Nb = 100
NbNc = 0.5608939

[genome]
numMSats = 0
mutFreq = 0.0
numSNPs = 100
startAlleles = 10

[model]
name = seaweed_fig1_vp

